78
319
8
111
432
629
351
638
806
302
251
94
677
804
781
141
746
541
354
832
569
408
870
597
756
341
107
313
160
411
351
660
848
967
137
73
799
746
921
512
9
34
223
527
492
834
339
675
91
462
265
351
515
25
876
672
269
344
309
476
598
411
108
935
973
697
202
937
273
52
978
117
672
397
281
168
414
648
443
908
262
616
134
77
429
994
348
358
403
963
444
728
647
582
51
681
205
358
738
482
51
326
390
134
314
276
720
77
785
562
100
787
201
906
346
428
109
99
200
471
4
676
381
619
437
529
224
51
784
647
863
478
688
337
9
94
805
13
953
83
40
238
186
943
787
861
177
630
586
696
647
776
276
633
639
420
685
28
883
520
991
364
530
498
728
750
993
945
744
639
880
634
841
193
3
794
486
966
698
207
582
357
553
529
760
275
290
167
236
684
1
857
870
614
296
845
896
956
828
496
388
566
50
742
707
2
24
863
12
950
206
437
882
728
510
568
797
580
214
629
183
135
135
633
664
904
268
50
759
564
7
437
632
902
54
665
287
421
938
399
602
359
16
421
341
854
855
775
353
425
332
234
404
290
391
905
501
579
823
994
438
957
37
550
788
92
40
778
73
579
309
880
131
27
151
306
689
221
183
303
522
412
886
400
628
437
123
765
957
607
968
695
837
98
442
59
684
303
275
7
998
627
264
141
507
735
324
691
720
436
121
826
774
901
501
210
442
280
744
42
509
860
100
431
79
383
445
68
637
189
582
303
79
615
928
687
840
519
99
824
468
462
149
690
339
983
741
524
403
655
495
904
922
439
687
575
811
676
648
157
387
751
17
21
646
950
212
339
731
243
571
276
72
842
964
15
16
18
711
971
3
594
33
794
940
943
41
247
538
130
856
572
40
825
890
477
842
600
148
580
642
933
734
661
801
38
731
383
871
923
731
358
345
491
207
479
820
51
573
405
299
34
477
335
634
296
598
495
636
501
406
478
190
353
836
835
634
393
589
32
206
81
150
908
46
376
758
188
60
206
514
810
983
630
183
515
356
587
934
218
402
240
676
595
984
627
865
26
661
574
99
992
98
279
22
765
52
894
499
192
266
475
334
597
879
598
235
541
647
228
857
395
864
215
132
193
893
468
125
390
445
819
414
195
310
538
458
454
473
118
503
559
464
626
941
835
511
554
121
860
200
726
984
867
711
90
953
135
3
970
367
315
726
958
824
456
59
21
177
744
903
948
972
735
186
846
677
420
532
879
108
142
534
889
515
452
143
739
522
908
724
857
991
899
372
281
44
376
874
748
628
447
888
279
803
469
575
479
779
31
322
681
309
644
647
556
913
338
376
412
381
730
969
321
539
876
436
463
792
25
494
397
235
786
264
213
319
812
865
995
320
604
236
768
992
960
703
394
651
119
489
717
239
580
45
588
379
702
277
954
864
379
813
815
959
988
4
68
983
260
997
950
935
140
270
375
264
392
373
832
376
576
817
535
384
877
671
904
967
511
501
841
413
549
55
48
2
221
57
581
780
743
677
26
974
155
132
427
270
761
601
902
777
246
841
69
298
467
723
126
986
59
330
911
201
486
239
982
909
444
79
523
383
183
645
45
668
752
901
809
545
369
274
945
214
698
702
292
362
962
369
5
536
161
30
54
986
178
611
580
143
786
177
774
444
625
706
770
989
719
207
669
281
712
355
987
686
359
29
887
159
323
442
648
439
854
449
733
480
717
297
695
247
649
106
666
489
663
382
455
91
530
696
132
28
282
775
776
591
58
170
512
796
81
356
504
733
551
72
495
10
96
744
557
684
804
505
586
527
74
975
413
431
796
456
888
767
142
149
934
509
780
826
33
931
203
764
354
718
185
920
853
912
481
308
679
943
689
700
77
491
62
370
72
567
793
896
615
789
366
981
683
807
297
555
344
685
214
952
167
171
304
374
694
77
167
258
75
185
284
593
123
823
442
376
256
43
127
541
345
626
131
766
951
821
463
746
926
857
823
882
728
576
141
712
372
421
326
273
371
246
124
807
318
19
511
973
516
85
288
542
946
880
713
611
818
508
496
980
431
105
802
686
409
441
596
447
436
668
956
4
752
377
828
647
268
483
565
107
997
53
892
662
457
630
253
677
971
825
982
177
788
744
856
399
685
968
98
457
29
982
79
827
179
576
692
496
964
694
875
109
992
42
307
863
565
546
599
670
426
973
204
737
896
884
549
396
517
7
403
523
681
227
305
640
978
783
678
113
243
753
845
640
432
633
305
130
158
154
307
